12,2,2,4,0,0,0,2,0,2,2,0,0,4,0,0,0,0,0,2,2,4,2,2,0,2,0,0,0,4,6.410445286307529
12,0,0,2,2,8,0,0,2,4,0,0,0,0,4,0,4,6,0,0,2,0,0,2,0,0,0,2,0,0,24.471377523137527
12,0,0,2,0,0,2,2,0,0,0,0,0,2,2,0,0,0,2,2,2,4,0,0,0,2,4,0,6,0,2.2816199671545316
12,0,0,2,0,0,0,0,0,0,0,12,2,0,2,2,0,6,0,0,0,0,6,2,0,0,2,2,0,0,24.373391139897837
12,0,0,0,2,0,0,0,0,2,0,2,0,4,2,2,0,0,4,0,6,2,0,0,0,0,2,0,0,0,36.54584357059584
10,2,6,0,0,0,6,0,0,0,8,0,0,0,0,4,0,2,0,0,0,0,2,0,0,0,0,2,2,2,10.232294421390822
8,4,0,0,2,0,12,0,0,0,0,0,2,0,0,0,0,0,0,2,2,0,0,8,2,0,0,2,0,2,34.398910207663725
8,2,2,4,0,2,0,0,0,2,0,0,8,0,0,0,2,2,4,0,0,0,2,0,2,0,0,0,8,2,32.02476344305587
8,2,2,0,6,0,2,0,8,0,0,2,0,2,0,2,2,0,0,2,2,0,0,2,0,0,0,4,2,0,37.855910946105176
8,0,2,0,0,4,0,0,0,2,0,0,0,0,10,2,0,0,2,2,4,0,2,4,0,4,0,2,0,2,10.582298763962074
8,0,0,2,0,0,0,2,0,2,4,0,2,0,0,0,0,0,2,2,0,2,0,0,2,6,0,10,6,0,1.3471193038038438
8,0,0,0,2,0,4,0,0,0,6,0,2,0,0,0,0,0,2,0,0,0,0,2,0,2,0,0,2,4,1.3029561435736148
8,0,0,0,2,0,0,0,2,6,2,0,0,0,2,0,2,0,2,2,0,2,2,0,4,2,6,2,0,0,31.630099055177418
6,10,2,2,4,0,4,0,0,2,2,4,0,2,0,0,0,2,0,2,2,0,0,0,0,2,4,0,0,0,12.729396972555838
6,6,4,2,2,0,0,2,2,0,0,2,0,0,14,2,2,0,0,2,0,0,0,0,0,2,0,2,0,0,24.870898980523023
6,2,4,0,0,4,2,0,0,0,2,4,0,0,0,0,2,2,2,0,0,10,0,4,0,0,0,4,0,0,0.9725337166334775
6,0,2,2,0,2,8,2,0,0,0,2,0,0,0,0,0,2,2,4,0,0,4,0,0,0,0,6,0,8,7.667836625848461
6,0,2,0,4,4,0,2,2,0,0,0,6,2,0,0,2,2,4,0,4,2,0,2,0,0,0,2,4,0,17.668248822708644
6,0,2,0,0,6,2,0,8,2,0,0,0,4,0,4,4,2,4,2,0,2,0,0,0,0,2,0,0,0,23.111065572584153
6,0,2,0,0,2,4,12,2,0,0,0,0,4,0,2,0,0,0,0,2,0,0,2,2,0,0,6,4,0,2.7179727974429984
6,0,2,0,0,0,4,0,0,0,0,8,6,2,0,0,4,0,0,2,0,4,2,0,0,0,2,4,0,2,16.605060251196793
6,0,0,6,0,0,0,4,0,0,0,4,0,0,2,4,2,2,2,0,0,0,4,0,0,10,2,0,0,2,1.3934480324045824
6,0,0,2,2,0,2,0,4,2,0,2,4,0,0,0,0,0,2,0,4,0,0,2,2,0,2,2,0,0,41.520783952173126
6,0,0,0,4,0,2,0,0,0,0,0,0,2,0,0,4,6,0,4,6,0,8,4,0,0,2,2,0,0,26.659329435471033
6,0,0,0,2,0,0,0,0,4,2,2,0,4,6,0,0,0,8,0,0,4,0,0,8,4,0,0,0,0,0.034127534156336625
6,0,0,0,0,0,8,0,0,0,0,0,2,4,2,0,2,2,0,0,2,2,0,2,0,8,6,0,0,4,7.932551468335293
4,10,2,4,0,6,2,0,0,6,2,0,0,2,0,0,2,0,0,0,2,0,2,2,0,0,0,0,2,0,7.097962779904429
4,6,0,2,2,0,0,4,6,0,0,0,0,2,2,0,4,0,0,0,0,2,0,0,4,4,8,0,0,0,2.286458960850006
4,6,0,2,0,0,2,4,4,0,0,0,0,8,2,0,6,0,2,0,0,0,2,2,0,0,0,0,0,6,11.177061179508994
4,6,0,0,10,2,0,0,0,0,2,0,2,2,2,4,0,0,6,0,0,0,0,0,0,0,4,0,6,0,3.8435692677286495
4,6,0,0,6,0,0,0,0,0,0,0,2,2,2,6,0,0,2,0,0,2,0,6,0,0,0,2,8,2,10.434176572265018
4,4,2,2,0,0,2,0,0,2,2,0,0,6,2,0,0,0,8,4,0,0,0,0,2,0,0,4,2,4,22.716360802986273
4,4,0,4,2,4,2,2,0,0,0,0,2,0,2,2,2,2,0,0,0,2,2,2,0,2,2,0,2,4,5.981993860375689
4,4,0,2,6,0,2,4,0,0,2,0,0,2,2,4,4,4,4,0,4,0,0,0,0,0,0,0,0,0,1.057367963072746
4,4,0,0,4,0,2,0,4,4,0,4,4,2,0,0,0,4,2,0,2,0,0,0,2,4,0,2,0,2,15.20683238455799
4,4,0,0,0,6,0,0,2,10,4,0,0,8,0,0,0,0,0,0,0,0,4,4,0,0,0,0,0,4,3.8851008891204075
4,4,0,0,0,0,6,2,4,6,2,2,4,0,2,0,0,2,0,2,0,0,2,0,0,4,0,2,0,2,19.38283089583879
4,4,0,0,0,0,2,0,2,0,0,0,0,0,0,2,0,0,2,2,2,2,0,0,2,0,2,0,0,20,26.20714771439677
4,2,2,0,0,0,2,0,0,2,4,0,6,2,0,0,0,6,2,4,2,2,0,4,0,0,0,0,2,0,24.017187484052496
4,2,0,4,2,2,2,2,0,2,0,0,2,0,0,2,0,4,6,2,2,0,0,2,8,0,0,2,0,0,7.296593206589632
4,2,0,2,2,2,0,0,2,0,2,2,0,2,0,0,0,0,2,0,4,0,4,0,0,4,2,0,0,12,8.580437300464352
4,2,0,0,2,2,2,0,0,0,0,0,0,4,12,0,0,2,10,2,2,2,2,0,0,0,0,0,2,0,0.5936836798996641
4,0,6,0,4,2,2,0,0,0,0,2,0,4,2,0,2,4,0,0,2,0,2,2,0,2,0,4,0,2,0.9549957937853354
4,0,6,0,0,0,0,0,0,12,0,0,0,0,0,0,0,0,4,0,0,0,2,0,2,0,2,10,0,4,19.15508655624045
4,0,4,10,2,0,2,2,0,2,0,0,0,0,2,2,12,0,0,0,0,0,0,0,0,2,0,2,2,0,4.879646778711785
4,0,4,2,2,2,10,0,0,2,2,0,2,0,0,0,0,0,0,0,0,2,0,6,2,0,4,0,2,4,1.336374336413716
4,0,4,2,0,0,4,0,2,0,4,2,2,4,0,0,0,2,0,0,2,4,0,2,0,4,0,2,0,4,16.197783966942502
4,0,4,0,0,0,2,0,2,2,0,0,2,6,0,2,0,0,2,0,2,2,0,0,0,0,10,2,0,6,1.2331368937388876
4,0,2,6,0,0,0,0,0,0,8,10,0,0,2,4,4,2,0,2,0,2,0,0,0,0,2,0,0,0,15.804874916148314
4,0,2,4,0,0,0,0,0,2,0,0,6,0,2,6,4,0,0,0,0,0,2,0,2,0,0,0,6,0,14.910386898116585
4,0,2,2,2,0,0,0,4,0,0,2,0,2,0,0,4,2,0,0,0,4,0,0,4,0,6,0,4,2,8.622373900360083
4,0,2,2,0,4,0,8,0,0,2,0,2,2,0,4,0,0,0,6,0,0,0,4,0,0,2,2,6,0,14.614807812822477
4,0,2,2,0,0,0,2,0,4,2,2,4,2,4,0,0,2,4,0,4,0,0,2,0,4,0,2,2,0,3.2052922132616546
4,0,2,0,6,0,0,0,4,2,10,2,0,2,0,0,2,0,2,0,0,4,4,0,0,0,0,0,4,2,11.312711456779827
4,0,2,0,2,4,2,0,2,2,0,0,0,0,4,8,0,2,0,6,0,4,0,0,0,2,2,0,4,0,4.606448028081014
4,0,0,10,4,0,2,0,0,4,0,4,2,0,2,0,2,2,4,0,0,0,0,0,0,0,4,4,0,2,5.678275826755055
4,0,0,8,0,6,0,6,0,0,4,0,0,0,2,2,0,2,4,0,2,0,4,0,2,0,0,2,2,0,22.9170849506129
4,0,0,2,0,4,0,0,4,0,0,0,0,12,6,0,0,0,0,2,2,2,0,2,0,8,0,0,0,0,1.8246025365457301
4,0,0,0,6,0,0,0,4,4,0,0,0,0,0,4,0,2,2,10,2,0,0,0,0,0,4,0,4,4,20.06160407318101
4,0,0,0,2,4,0,0,4,4,2,0,0,0,2,4,4,0,2,0,6,0,0,0,2,0,0,6,0,2,12.64158954157328
4,0,0,0,2,2,2,0,2,4,2,2,0,0,4,2,4,2,0,6,0,2,0,2,0,0,6,2,0,0,14.499872048429424
4,0,0,0,2,0,2,0,2,4,6,0,0,4,0,4,4,4,2,4,2,2,0,0,2,2,0,0,0,0,28.907435137751992
4,0,0,0,0,0,8,0,0,0,0,2,4,0,2,8,6,4,2,0,0,4,0,2,0,0,4,0,0,0,0.9026210046302039
4,0,0,0,0,0,6,4,0,4,2,2,2,0,0,8,0,0,8,0,0,0,0,2,0,2,0,0,4,0,5.670003141521605
2,8,4,2,0,0,6,0,0,0,0,2,2,0,0,0,2,8,0,2,0,2,0,2,0,2,0,2,4,0,11.84468836726589
2,6,0,2,6,2,0,0,0,0,0,4,0,2,0,4,0,6,2,0,2,2,2,2,0,2,0,0,4,0,3.4014420884557954
2,6,0,0,0,0,0,0,0,10,2,6,2,0,0,0,2,2,0,0,0,0,4,2,0,2,0,6,0,4,0.06281146486014322
2,4,6,4,0,0,0,0,0,0,2,2,2,4,0,0,0,0,4,0,4,6,0,0,0,0,2,0,4,0,10.724900064932612
2,4,2,2,2,2,0,4,0,0,4,0,2,2,0,0,2,0,0,0,0,2,2,0,6,2,8,0,0,0,0.8748512360958237
2,4,2,0,2,2,0,2,0,2,2,0,4,0,0,0,0,0,0,4,2,4,0,2,2,8,0,2,0,4,7.6028639830742994
2,4,2,0,0,2,0,2,0,2,2,0,2,0,0,6,4,2,0,2,2,0,0,4,0,6,0,2,0,0,12.863768999760996
2,4,0,8,8,8,0,0,0,0,0,0,0,0,4,0,0,2,0,2,0,0,0,0,0,0,2,2,0,0,40.20954587707993
2,4,0,2,0,0,2,8,2,0,0,0,2,0,4,0,0,0,0,10,0,2,4,0,0,0,2,2,0,2,4.652579889602831
2,4,0,0,6,2,0,0,0,2,2,0,0,2,0,2,0,4,0,0,0,0,0,4,4,0,6,10,0,0,10.0806214382396
2,4,0,0,4,0,0,4,0,0,0,0,6,0,0,2,0,2,0,2,4,2,4,4,2,4,0,2,0,0,17.069345423200392
2,4,0,0,2,2,4,0,0,4,4,0,0,0,0,2,8,0,2,6,0,0,0,0,0,0,0,6,2,2,15.363902418284969
2,4,0,0,0,2,2,2,2,4,0,0,2,0,0,0,0,16,0,0,0,0,8,0,2,0,0,0,2,2,6.14952046184948
2,4,0,0,0,2,2,2,0,2,0,0,0,2,2,0,2,2,2,8,0,0,4,2,4,0,0,4,2,0,20.194666666220158
2,4,0,0,0,0,0,8,2,0,0,2,0,2,0,0,0,0,0,2,4,0,2,0,0,0,0,2,0,8,12.71762316916498
2,4,0,0,0,0,0,0,0,2,2,4,2,8,2,4,0,6,2,0,0,0,6,0,0,0,0,2,0,4,3.6799618438571255
2,2,12,2,4,0,0,2,0,4,2,2,0,0,0,0,0,0,0,0,0,4,2,2,4,0,0,0,0,4,5.873176972117238
2,2,8,4,2,0,0,2,0,0,0,0,0,2,0,0,0,0,2,0,0,8,4,4,0,2,0,4,0,4,20.570513769793834
2,2,8,0,0,2,2,0,2,0,0,4,2,0,2,0,0,8,0,0,4,0,6,0,0,0,2,0,0,2,3.4908071578401123
2,2,4,4,2,4,4,2,10,2,12,0,0,0,0,0,0,0,0,0,0,0,0,0,0,0,0,0,0,0,14.287853006103582
2,2,4,2,8,0,2,0,0,0,0,0,4,0,6,0,2,0,2,2,8,0,0,2,0,0,2,0,2,0,2.063073899163789
2,2,4,0,6,0,0,2,4,2,2,0,4,0,0,0,0,0,0,0,6,0,0,0,0,2,0,8,0,6,18.457156748481054
2,2,4,0,0,0,2,6,0,2,0,2,0,0,0,0,2,0,0,2,2,0,0,0,8,2,0,8,4,0,7.139041344769133
2,2,2,4,4,0,0,0,2,0,0,4,4,0,2,0,0,0,0,0,0,10,0,4,0,0,0,2,0,4,3.5623063902941574
2,2,2,4,0,10,4,0,0,0,2,4,0,0,2,2,0,0,0,2,0,0,2,2,0,0,2,0,4,0,14.000606616089884
2,2,2,4,0,0,2,2,2,0,4,2,4,2,2,0,4,0,0,0,0,4,0,0,0,6,4,0,0,0,19.636318529633943
2,2,2,2,2,2,2,2,1,2,2,2,1,2,1,1,2,1,1,2,2,2,1,1,1,2,2,1,2,2,-0.8870431260899642
2,2,2,2,2,2,2,1,2,2,2,1,1,2,2,1,1,1,1,2,2,2,1,2,1,2,2,1,2,2,-0.27067123117352443
2,2,2,2,2,2,2,1,1,2,2,1,2,2,2,1,2,1,1,2,2,2,2,1,1,2,2,1,2,1,-1.0520971426543186
2,2,2,2,2,2,2,1,1,2,2,1,2,2,2,1,1,1,2,1,2,2,1,1,1,2,2,2,1,2,-0.17111777077447987
2,2,2,2,2,2,2,1,1,2,2,1,1,2,2,1,2,1,2,1,2,2,2,1,1,2,1,2,2,2,-0.1806013242561098
2,2,2,2,2,2,2,1,1,2,2,1,1,2,1,1,2,1,2,2,2,2,1,1,1,2,2,2,2,2,0.023987962465197014
2,2,2,2,2,2,2,1,1,2,1,2,1,2,2,1,2,2,1,2,2,2,1,1,1,2,2,1,2,2,-0.9320141612575272
2,2,2,2,2,1,2,2,2,2,2,1,2,2,2,1,1,1,1,2,2,2,1,2,1,2,1,1,2,2,-1.418325069789067
2,2,2,2,2,1,2,2,1,2,2,2,1,2,1,1,2,2,2,1,2,2,2,1,1,2,1,1,2,2,-1.209844249175497
2,2,2,2,2,1,2,2,1,2,2,1,1,2,2,1,2,1,2,2,2,2,1,1,1,2,1,2,2,2,-0.727788922377376
2,2,2,2,2,1,2,1,2,2,2,2,2,2,1,1,2,2,2,1,1,2,1,1,1,2,2,1,2,2,-0.7983843780775185
2,2,2,2,2,1,2,1,2,2,2,2,1,2,2,2,1,1,1,2,2,2,1,1,1,2,2,1,2,2,0.8711476809733074
2,2,2,2,2,1,2,1,2,2,2,2,1,2,2,1,1,2,1,1,2,2,2,1,1,2,2,1,2,2,-0.5100470496386328
2,2,2,2,2,1,2,1,2,2,2,2,1,2,2,1,1,1,2,2,2,2,1,1,1,2,1,1,2,2,0.5975822569002107
2,2,2,2,2,1,2,1,2,2,2,2,1,2,1,1,2,2,2,2,2,2,1,1,1,2,1,1,2,2,-1.3503030957221924
2,2,2,2,2,1,2,1,2,2,2,2,1,2,1,1,2,2,2,2,1,2,1,1,1,2,2,1,2,2,-1.4485659335795906
2,2,2,2,2,1,2,1,2,2,2,2,1,2,1,1,2,2,1,2,2,2,1,1,1,2,2,1,2,2,-1.825915951106968
2,2,2,2,2,1,2,1,2,2,2,2,1,2,1,1,2,1,2,2,2,2,1,1,1,2,2,1,2,2,-0.4752409940301133
2,2,2,2,2,1,2,1,2,2,2,2,1,2,1,1,2,1,1,2,2,2,2,1,1,2,2,1,2,2,0.09986101981577623
2,2,2,2,2,1,2,1,2,2,2,2,1,2,1,1,1,1,1,2,2,2,2,2,1,2,1,2,2,2,0.589838427667982
2,2,2,2,2,1,2,1,2,2,2,1,2,2,2,2,2,1,1,1,2,2,1,1,1,2,2,1,2,2,0.2978669578063667
2,2,2,2,2,1,2,1,2,2,2,1,2,2,1,1,1,1,2,2,2,2,1,2,1,2,2,1,2,2,-1.1467383871254166
2,2,2,2,2,1,2,1,2,2,2,1,1,2,2,1,2,2,1,2,2,2,1,1,1,2,2,1,2,2,0.39472489687929396
2,2,2,2,2,1,2,1,2,2,2,1,1,2,2,1,1,2,2,2,2,2,2,1,1,2,1,1,2,2,1.4077905936083943
2,2,2,2,2,1,2,1,2,2,2,1,1,2,2,1,1,2,2,1,2,2,1,1,1,2,2,2,2,2,-0.5192393837716913
2,2,2,2,2,1,2,1,2,2,2,1,1,2,1,2,2,2,1,2,2,2,1,1,1,2,2,1,2,2,-0.22772420731860343
2,2,2,2,2,1,2,1,2,2,2,1,1,2,1,1,2,2,1,2,2,2,1,1,1,2,2,1,2,2,1.559447390581546
2,2,2,2,2,1,2,1,2,2,2,1,1,2,1,1,2,1,2,2,2,2,1,2,1,2,2,1,2,2,-0.783682325684446
2,2,2,2,2,1,2,1,2,2,2,1,1,2,1,1,1,2,1,2,2,2,2,2,1,2,1,2,2,2,-1.600562981048036
2,2,2,2,2,1,2,1,2,2,1,2,1,2,2,1,2,1,2,1,2,2,2,2,1,2,1,1,2,2,0.8586032226819398
2,2,2,2,2,1,2,1,1,2,2,2,2,2,2,1,1,1,1,2,2,2,2,1,1,2,1,1,2,2,2.317913177173537
2,2,2,2,2,1,2,1,1,2,2,2,2,2,1,1,2,2,1,1,2,2,1,1,1,2,2,2,2,2,-0.8177413378224515
2,2,2,2,2,1,2,1,1,2,2,2,1,2,2,2,2,1,1,2,2,2,1,1,1,2,2,1,2,2,-0.5178940463992694
2,2,2,2,2,1,2,1,1,2,2,2,1,2,2,2,1,2,2,2,2,2,1,1,1,2,1,1,2,2,0.1768878669181157
2,2,2,2,2,1,2,1,1,2,2,2,1,2,2,1,2,1,2,2,2,2,1,1,1,2,2,1,2,2,1.2916795682288893
2,2,2,2,2,1,2,1,1,2,2,2,1,2,2,1,2,1,1,2,2,2,2,1,1,2,1,2,2,2,0.3919274119748852
2,2,2,2,2,1,2,1,1,2,2,2,1,2,2,1,1,2,1,1,2,2,2,1,1,2,2,1,2,2,-1.0224377434752705
2,2,2,2,2,1,2,1,1,2,2,2,1,2,2,1,1,1,2,2,2,2,2,1,1,2,2,1,2,2,-0.6969173447024726
2,2,2,2,2,1,2,1,1,2,2,2,1,2,1,2,2,2,2,1,2,2,2,1,1,2,1,1,2,2,0.6053822313501757
2,2,2,2,2,1,2,1,1,2,2,2,1,2,1,2,2,2,1,2,2,2,1,1,1,2,2,1,2,2,-1.8057404460492141
2,2,2,2,2,1,2,1,1,2,2,2,1,2,1,1,2,2,2,2,2,2,1,1,1,2,2,1,2,2,0.5522379752552288
2,2,2,2,2,1,2,1,1,2,2,2,1,2,1,1,2,2,2,1,2,2,1,1,1,2,2,1,2,2,0.506540036687839
2,2,2,2,2,1,2,1,1,2,2,2,1,2,1,1,2,2,1,2,2,2,2,1,1,2,2,1,2,2,-0.5907773982573757
2,2,2,2,2,1,2,1,1,2,2,2,1,2,1,1,2,2,1,2,2,2,1,1,1,2,2,2,2,2,0.5209859636730275
2,2,2,2,2,1,2,1,1,2,2,2,1,2,1,1,2,1,2,2,2,2,1,2,1,2,2,1,2,2,0.174261656147478
2,2,2,2,2,1,2,1,1,2,2,2,1,2,1,1,2,1,2,2,2,2,1,1,1,2,2,1,2,2,0.5020002467733645
2,2,2,2,2,1,2,1,1,2,2,2,1,2,1,1,2,1,2,2,2,2,1,1,1,2,1,2,2,2,-1.2121233549234292
2,2,2,2,2,1,2,1,1,2,2,2,1,2,1,1,2,1,1,2,2,2,1,2,1,2,2,2,2,2,-0.45479359627084764
2,2,2,2,2,1,2,1,1,2,2,2,1,2,1,1,1,2,2,2,2,2,2,1,1,2,2,1,2,2,0.4825545395382309
2,2,2,2,2,1,2,1,1,2,2,1,2,2,2,1,2,1,2,2,2,2,1,1,1,2,2,1,2,2,0.05629172212090457
2,2,2,2,2,1,2,1,1,2,2,1,2,2,1,1,2,1,2,2,2,2,1,2,1,2,2,1,2,2,-2.4285765722802943
2,2,2,2,2,1,2,1,1,2,2,1,1,2,2,1,2,2,2,1,2,2,1,1,1,2,2,2,2,2,0.5801047676760197
2,2,2,2,2,1,2,1,1,2,2,1,1,2,1,2,1,2,2,2,2,2,1,1,1,2,2,1,2,2,0.4842060757545365
2,2,2,2,2,1,2,1,1,2,2,1,1,2,1,1,2,1,1,2,2,2,2,2,1,2,2,2,2,2,-0.2515553594704118
2,2,2,2,2,1,2,1,1,2,2,1,1,2,1,1,2,1,1,2,2,2,2,1,1,2,2,2,2,2,-0.3800001759934593
2,2,2,2,2,1,2,1,1,2,2,1,1,2,1,1,1,2,2,2,2,2,2,2,1,2,2,1,2,2,1.326898877626423
2,2,2,2,2,1,2,1,1,2,2,1,1,2,1,1,1,2,2,1,2,2,2,2,1,2,2,1,2,2,1.9230748688939698
2,2,2,2,2,1,2,1,1,2,1,1,2,2,1,1,2,2,1,2,2,2,2,1,1,2,2,1,2,2,-1.7025294485184537
2,2,2,2,2,1,1,1,1,2,1,1,1,2,1,2,1,2,2,2,2,2,2,2,1,2,2,2,2,2,-0.6205642420111454
2,2,2,0,2,0,0,2,0,0,0,0,0,2,2,0,12,0,2,0,2,0,0,0,0,6,2,4,0,6,16.726203854948892
2,2,1,2,2,2,2,1,2,2,2,2,1,2,1,1,2,1,2,2,2,2,1,1,1,2,2,1,2,2,-0.2199904441713699
2,2,1,2,2,2,2,1,2,2,2,1,1,2,2,2,1,1,2,2,2,2,2,1,1,2,1,1,2,2,1.395818300610033
2,2,1,2,2,2,2,1,2,2,2,1,1,2,2,1,2,2,2,1,2,2,1,1,1,2,2,1,2,2,1.651124629602614
2,2,1,2,2,2,2,1,2,2,1,2,1,2,2,1,2,1,2,1,2,2,2,1,1,2,2,1,2,2,1.0636749537946835
2,2,1,2,2,2,2,1,1,2,2,1,1,2,2,1,2,2,1,2,2,2,1,1,1,2,2,2,2,2,-0.66067943375023
2,2,1,2,2,2,2,1,1,2,2,1,1,2,1,2,2,1,2,2,2,2,2,1,1,2,2,1,2,2,0.1806557192140633
2,2,1,2,2,1,2,2,2,2,2,1,1,2,2,1,2,1,2,2,2,2,1,1,1,2,2,1,2,2,0.0057741127348612895
2,2,1,2,2,1,2,2,1,2,2,2,2,2,1,1,1,2,2,2,2,2,1,1,1,2,2,1,2,2,0.601514259486182
2,2,1,2,2,1,2,1,2,2,2,2,2,2,2,1,2,1,2,2,2,2,1,1,1,2,1,1,2,2,0.29360441251186625
2,2,1,2,2,1,2,1,2,2,2,2,2,2,2,1,1,2,1,2,2,2,2,1,1,2,1,1,2,2,-0.1418557139226075
2,2,1,2,2,1,2,1,2,2,2,2,2,2,2,1,1,1,2,2,2,2,1,1,1,2,2,1,2,2,1.6993445192868917
2,2,1,2,2,1,2,1,2,2,2,2,2,2,1,1,2,2,2,1,2,2,1,1,1,2,2,1,2,2,0.031449652374186066
2,2,1,2,2,1,2,1,2,2,2,2,2,2,1,1,2,2,2,1,1,2,2,1,1,2,2,1,2,2,-0.7920293039134472
2,2,1,2,2,1,2,1,2,2,2,2,2,2,1,1,2,1,1,2,2,2,1,1,1,2,1,1,2,2,0.2539281692534342
2,2,1,2,2,1,2,1,2,2,2,2,1,2,2,2,2,1,2,2,2,2,1,1,1,2,1,1,2,2,1.78908447378426
2,2,1,2,2,1,2,1,2,2,2,2,1,2,2,2,1,1,2,2,2,2,2,1,1,2,1,1,2,2,-1.1413377498403183
2,2,1,2,2,1,2,1,2,2,2,2,1,2,2,1,2,2,2,2,2,2,1,1,1,2,1,1,2,2,1.3239163021905327
2,2,1,2,2,1,2,1,2,2,2,2,1,2,2,1,2,1,1,2,2,2,1,1,1,2,2,1,2,2,-1.1509845823971776
2,2,1,2,2,1,2,1,2,2,2,2,1,2,2,1,1,2,2,2,2,2,2,1,1,2,1,1,2,2,0.0812502000800912
2,2,1,2,2,1,2,1,2,2,2,2,1,2,2,1,1,2,2,1,2,2,2,1,1,2,2,1,2,2,-0.5583941487632351
2,2,1,2,2,1,2,1,2,2,2,2,1,2,2,1,1,2,1,2,2,2,2,1,1,2,2,1,2,2,0.3712656424232574
2,2,1,2,2,1,2,1,2,2,2,2,1,2,1,1,2,2,2,2,2,2,2,1,1,2,1,1,2,2,-0.8028036401978055
2,2,1,2,2,1,2,1,2,2,2,2,1,2,1,1,2,1,2,2,2,2,1,2,1,2,2,1,2,2,-1.145740535386296
2,2,1,2,2,1,2,1,2,2,2,2,1,2,1,1,2,1,2,2,2,2,1,1,1,2,2,2,2,2,1.0998852457028847
2,2,1,2,2,1,2,1,2,2,2,2,1,2,1,1,2,1,2,2,1,2,2,1,1,2,2,1,2,2,1.240451527012289
2,2,1,2,2,1,2,1,2,2,2,2,1,2,1,1,1,2,2,1,2,2,2,2,1,2,2,1,2,2,-1.8173404525275523
2,2,1,2,2,1,2,1,2,2,2,2,1,2,1,1,1,1,2,2,2,2,2,2,1,2,2,1,2,2,-0.9204129719949515
2,2,1,2,2,1,2,1,2,2,2,1,2,2,2,1,2,2,2,2,2,2,1,1,1,2,1,1,2,2,-0.7072647722865844
2,2,1,2,2,1,2,1,2,2,2,1,2,2,1,2,1,2,1,2,2,2,1,2,1,2,2,1,2,2,0.2878951938454079
2,2,1,2,2,1,2,1,2,2,2,1,2,2,1,1,2,1,2,2,2,2,2,1,1,2,2,1,2,2,1.1575100258233457
2,2,1,2,2,1,2,1,2,2,2,1,2,1,2,1,2,2,2,2,2,2,1,1,1,2,2,1,2,2,1.60521297537009
2,2,1,2,2,1,2,1,2,2,2,1,1,2,2,2,2,1,2,2,2,2,1,1,1,2,2,1,2,2,-0.6186601946238212
2,2,1,2,2,1,2,1,2,2,2,1,1,2,2,2,2,1,2,2,2,2,1,1,1,2,1,2,2,2,0.07532315677392086
2,2,1,2,2,1,2,1,2,2,2,1,1,2,2,1,2,2,2,1,2,2,1,2,1,2,2,1,2,2,0.05366220921012044
2,2,1,2,2,1,2,1,2,2,2,1,1,2,2,1,2,2,1,2,2,2,2,1,1,2,2,1,2,2,1.2429847326278984
2,2,1,2,2,1,2,1,2,2,2,1,1,2,1,1,2,2,2,2,2,2,1,2,1,2,2,1,2,2,0.433988004011761
2,2,1,2,2,1,2,1,2,2,2,1,1,2,1,1,2,2,2,2,2,2,1,1,1,2,2,2,2,2,-0.49275771868171964
2,2,1,2,2,1,2,1,2,2,2,1,1,2,1,1,2,2,1,2,2,2,1,2,1,2,2,1,2,2,1.041625430967311
2,2,1,2,2,1,2,1,2,2,1,2,1,2,2,1,2,2,2,1,2,2,1,1,1,2,2,1,2,2,-1.7377424094730447
2,2,1,2,2,1,2,1,2,2,1,2,1,2,2,1,2,1,2,2,2,2,2,1,1,2,2,1,2,2,-0.25892120209883235
2,2,1,2,2,1,2,1,1,2,2,2,2,2,2,2,1,1,2,2,2,2,1,1,1,2,2,1,2,2,-1.1918311385430616
2,2,1,2,2,1,2,1,1,2,2,2,2,2,2,1,2,1,2,2,2,2,1,1,1,2,2,1,2,2,2.4576353699002893
2,2,1,2,2,1,2,1,1,2,2,2,2,2,1,2,1,2,2,2,2,2,1,1,1,2,2,1,2,2,-1.0737960365651382
2,2,1,2,2,1,2,1,1,2,2,2,2,2,1,1,2,2,2,2,2,2,1,1,1,2,2,1,2,2,1.5373740721569695
2,2,1,2,2,1,2,1,1,2,2,2,2,2,1,1,2,1,2,2,2,2,2,1,1,2,2,1,2,2,-1.224127895735881
2,2,1,2,2,1,2,1,1,2,2,2,2,2,1,1,1,2,2,2,2,2,1,2,1,2,1,1,2,2,2.2872203857827267
2,2,1,2,2,1,2,1,1,2,2,2,1,2,2,2,2,1,2,2,2,2,1,1,1,2,2,1,2,2,1.030821285463451
2,2,1,2,2,1,2,1,1,2,2,2,1,2,2,2,1,2,2,2,2,2,1,2,1,2,2,1,2,1,2.4552538746812447
2,2,1,2,2,1,2,1,1,2,2,2,1,2,2,1,2,2,2,1,2,2,2,1,1,2,2,1,2,2,-0.7072131305683504
2,2,1,2,2,1,2,1,1,2,2,2,1,2,2,1,2,1,2,1,2,2,1,1,2,2,2,1,2,2,-0.11471144431957166
2,2,1,2,2,1,2,1,1,2,2,2,1,2,2,1,1,2,2,2,2,2,2,1,1,2,2,1,2,2,-1.901931149750049
2,2,1,2,2,1,2,1,1,2,2,2,1,2,2,1,1,2,1,2,2,2,1,1,1,2,2,1,2,2,0.9218943518006305
2,2,1,2,2,1,2,1,1,2,2,2,1,2,2,1,1,2,1,1,2,2,2,2,1,2,2,1,2,2,1.1716896786412243
2,2,1,2,2,1,2,1,1,2,2,2,1,2,1,2,2,1,2,2,2,2,2,1,1,2,2,1,2,2,2.67132150519768
2,2,1,2,2,1,2,1,1,2,2,2,1,2,1,2,2,1,2,1,2,2,2,1,1,2,2,1,2,2,0.9608900517036415
2,2,1,2,2,1,2,1,1,2,2,2,1,2,1,1,2,2,2,2,2,2,2,1,1,2,2,1,2,2,-1.4826025258001272
2,2,1,2,2,1,2,1,1,2,2,2,1,2,1,1,2,2,1,2,2,2,2,2,1,2,2,1,2,2,-0.004380071305803849
2,2,1,2,2,1,2,1,1,2,2,2,1,2,1,1,2,1,2,2,2,2,2,1,1,2,2,2,2,2,-0.5751066912865654
2,2,1,2,2,1,2,1,1,2,2,1,2,2,2,1,2,2,2,2,2,2,1,1,1,2,2,1,2,2,0.7545522744708936
2,2,1,2,2,1,2,1,1,2,2,1,2,2,2,1,2,2,2,1,2,2,1,1,1,2,2,2,2,2,-1.1086414180202737
2,2,1,2,2,1,2,1,1,2,2,1,2,2,2,1,1,2,2,2,2,2,2,1,1,2,2,1,2,2,0.07565401167281417
2,2,1,2,2,1,2,1,1,2,2,1,2,2,1,2,2,2,2,2,2,2,1,1,1,2,1,1,2,2,-1.400202636253452
2,2,1,2,2,1,2,1,1,2,2,1,2,2,1,2,1,2,1,2,2,2,2,1,1,2,2,1,2,2,-0.2381973483065203
2,2,1,2,2,1,2,1,1,2,2,1,2,2,1,1,2,2,2,2,2,2,2,1,1,2,2,1,2,2,0.42534214175186374
2,2,1,2,2,1,2,1,1,2,2,1,1,2,2,2,2,2,2,2,2,2,1,1,1,2,2,1,2,2,1.298826167512367
2,2,1,2,2,1,2,1,1,2,2,1,1,2,2,2,2,2,2,1,2,2,1,1,1,2,2,1,2,2,0.22395953373963853
2,2,1,2,2,1,2,1,1,2,2,1,1,2,2,1,2,2,2,2,2,2,1,1,1,2,2,1,2,2,1.426047471273901
2,2,1,2,2,1,2,1,1,2,2,1,1,2,2,1,2,2,2,1,2,2,2,2,1,2,2,1,2,2,0.8433808964490567
2,2,1,2,2,1,2,1,1,2,2,1,1,2,2,1,2,1,2,1,2,2,2,1,1,2,2,1,2,2,0.09440424646698431
2,2,1,2,2,1,2,1,1,2,2,1,1,2,2,1,1,2,2,2,2,2,2,1,1,2,2,1,2,2,1.4855579184338015
2,2,1,2,2,1,2,1,1,2,2,1,1,2,2,1,1,2,2,2,2,2,1,1,1,2,1,1,2,2,0.17727586600445466
2,2,1,2,2,1,2,1,1,2,2,1,1,2,2,1,1,1,2,2,2,2,1,2,1,2,2,1,2,2,-0.23750024085248178
2,2,1,2,2,1,2,1,1,2,2,1,1,2,1,2,2,2,2,2,2,2,2,1,1,2,2,1,2,2,0.1214302461859877
2,2,1,2,2,1,2,1,1,2,2,1,1,2,1,2,2,2,2,2,2,2,1,1,1,2,2,2,2,2,-0.5722334428892885
2,2,1,2,2,1,2,1,1,2,2,1,1,2,1,1,2,2,2,2,2,2,2,1,1,2,2,1,2,2,-1.3158613056816613
2,2,1,2,2,1,2,1,1,2,2,1,1,2,1,1,2,2,1,2,2,2,2,1,1,2,2,1,2,2,0.24433853137070374
2,2,1,2,2,1,2,1,1,2,2,1,1,2,1,1,2,2,1,2,2,2,1,2,1,2,2,2,2,2,0.07238255399509654
2,2,1,2,2,1,2,1,1,2,1,2,2,2,1,2,2,2,2,2,2,2,1,1,1,2,2,1,2,2,0.9423552810153063
2,2,1,2,2,1,2,1,1,2,1,2,2,2,1,1,2,2,2,2,2,2,2,1,1,2,2,1,2,2,0.5281365301780875
2,2,1,2,2,1,2,1,1,2,1,2,1,2,2,1,2,2,2,2,2,2,2,1,1,2,1,2,2,2,1.0895989349568498
2,2,1,2,2,1,2,1,1,2,1,2,1,2,2,1,2,2,2,1,2,2,2,1,1,2,2,1,2,2,0.1572471881646424
2,2,1,2,2,1,2,1,1,2,1,1,2,2,2,2,2,2,1,1,2,2,2,1,1,2,2,1,2,2,0.46135909175108225
2,2,1,2,2,1,2,1,1,2,1,1,1,2,2,2,2,2,2,2,2,2,1,1,1,2,2,1,2,2,-1.2602096237202793
2,2,1,2,2,1,2,1,1,2,1,1,1,2,2,1,2,2,2,2,2,2,2,2,1,2,2,1,2,2,-0.6010405807622116
2,2,0,4,0,0,0,2,0,0,4,0,6,0,4,0,0,2,0,4,0,4,2,0,2,0,6,0,4,2,23.127610364451375
2,2,0,2,8,2,2,0,0,0,0,4,0,2,0,0,0,0,4,0,2,8,0,0,2,4,0,2,2,0,12.16331311580947
2,2,0,2,2,0,2,0,4,0,4,0,0,0,0,4,2,4,4,16,2,0,0,0,0,0,0,0,0,0,19.48653757199507
2,2,0,0,8,0,0,0,2,0,10,0,4,4,0,0,6,0,0,0,0,0,0,0,6,0,4,0,0,2,2.4603225527646346
2,2,0,0,6,0,2,2,2,0,4,0,2,2,2,0,0,0,0,2,0,2,0,0,0,6,8,2,0,0,6.837947449786194
2,2,0,0,4,0,0,2,0,0,0,0,0,8,0,4,12,2,0,0,2,0,0,0,0,2,0,4,0,6,23.23343723416612
2,2,0,0,0,4,8,0,0,2,2,0,2,2,4,2,0,0,2,0,0,2,2,2,2,4,0,0,4,0,5.542093596877999
2,2,0,0,0,0,8,0,0,4,2,0,0,4,2,2,2,4,0,0,2,4,0,0,6,0,0,0,0,2,21.348537098483863
2,2,0,0,0,0,2,4,0,0,0,2,0,2,4,2,0,4,0,2,4,4,0,4,4,0,2,2,4,0,6.790241857997008
2,1,2,2,2,2,2,1,2,2,1,2,2,2,2,1,2,1,2,1,2,2,1,1,1,2,2,1,2,2,-1.1549702865965528
2,1,2,2,2,2,2,1,1,2,2,2,1,2,2,1,2,1,2,2,2,2,1,1,1,2,2,1,2,2,0.9887561858773225
2,1,2,2,2,1,2,2,2,2,2,1,1,2,2,1,2,1,2,1,2,2,1,2,1,2,2,1,2,2,0.22173981652247332
2,1,2,2,2,1,2,2,2,2,1,2,1,2,2,2,2,1,2,2,2,2,1,1,1,2,1,1,2,2,0.0990763974273826
2,1,2,2,2,1,2,2,1,2,2,1,1,2,2,1,2,1,2,2,2,2,1,1,1,2,2,1,2,2,-0.8125827414856962
2,1,2,2,2,1,2,1,2,2,2,2,2,2,2,1,2,1,1,2,2,2,1,1,1,2,2,1,2,2,0.36175890842826947
2,1,2,2,2,1,2,1,2,2,2,2,2,2,1,1,2,2,1,2,2,2,1,1,1,2,2,1,2,2,0.48232192757403747
2,1,2,2,2,1,2,1,2,2,2,2,2,2,1,1,2,1,2,1,2,2,1,1,1,2,2,1,2,2,-0.8073459460774888
2,1,2,2,2,1,2,1,2,2,2,2,2,2,1,1,2,1,1,2,2,2,2,1,1,2,2,1,2,2,-0.1989825110576799
2,1,2,2,2,1,2,1,2,2,2,2,1,2,2,1,2,2,1,1,2,2,2,1,1,2,2,1,2,2,-0.3939485000665539
2,1,2,2,2,1,2,1,2,2,2,2,1,2,2,1,1,1,2,2,2,2,2,1,1,2,2,1,2,2,-1.151070212733634
2,1,2,2,2,1,2,1,2,2,2,2,1,2,1,1,2,2,2,2,2,2,1,1,1,2,2,1,2,2,-0.42923920308389035
2,1,2,2,2,1,2,1,2,2,2,1,2,2,2,2,2,1,1,2,2,2,1,2,1,2,1,2,2,1,-1.4819211772876397
2,1,2,2,2,1,2,1,2,2,2,1,1,2,1,2,2,2,2,2,2,2,2,1,1,2,2,1,1,2,1.0511719870596226
2,1,2,2,2,1,2,1,2,1,2,2,1,2,1,1,2,2,2,2,2,2,2,1,1,2,2,1,2,2,0.3298711501731535
2,1,2,2,2,1,2,1,1,2,2,2,2,2,2,2,2,1,1,2,2,2,1,1,1,2,1,1,2,2,-0.31451203532156374
2,1,2,2,2,1,2,1,1,2,2,2,1,2,2,1,2,2,2,1,2,2,2,1,1,2,1,2,2,2,-0.11998147898575837
2,1,2,2,2,1,2,1,1,2,2,2,1,2,2,1,1,2,2,2,2,2,2,2,1,2,2,1,2,1,1.9989777543100586
2,1,2,2,2,1,2,1,1,2,2,2,1,2,1,1,2,2,2,2,2,2,2,1,1,2,2,1,2,2,0.9213390976449799
2,1,2,2,2,1,2,1,1,2,2,2,1,2,1,1,2,2,1,2,2,2,2,1,1,2,2,1,2,2,0.43600499484186755
2,1,2,2,2,1,2,1,1,2,2,2,1,2,1,1,1,1,2,2,2,2,1,1,2,2,2,2,2,2,0.8271998313723458
2,1,2,2,2,1,2,1,1,2,2,1,2,2,1,2,2,2,1,2,2,2,2,1,1,2,2,1,2,2,1.8777560863468343
2,1,2,2,2,1,2,1,1,2,2,1,1,2,2,1,2,2,2,2,2,2,2,1,1,2,2,1,2,2,-0.8818764710504972
2,1,2,2,2,1,2,1,1,2,1,2,1,2,1,1,2,2,2,2,2,2,2,1,1,2,2,1,2,2,-0.8250242797309809
2,1,1,2,2,2,2,1,2,2,2,1,2,2,1,1,2,1,1,2,2,2,2,1,1,2,2,1,2,2,0.3669487527855151
2,1,1,2,2,2,2,1,1,2,2,2,1,2,2,1,2,2,2,1,2,2,2,1,1,2,2,1,2,2,0.8744023464996246
2,1,1,2,2,2,2,1,1,2,2,1,2,2,2,2,2,2,1,1,2,2,1,1,1,2,2,2,2,2,1.084920299129582
2,1,1,2,2,2,2,1,1,2,1,2,1,2,2,2,1,2,2,2,2,2,1,1,1,2,2,2,2,2,0.20456235392615849
2,1,1,2,2,1,2,1,2,2,2,2,2,2,1,1,2,2,2,1,2,2,2,1,1,2,2,1,2,2,-0.6014493505256306
2,1,1,2,2,1,2,1,2,2,2,2,1,2,2,1,2,2,2,1,2,2,2,1,1,2,1,1,2,2,0.7293166159935522
2,1,1,2,2,1,2,1,2,2,2,2,1,2,2,1,2,2,1,1,2,2,2,2,1,2,2,1,2,2,-0.7083222256607072
2,1,1,2,2,1,2,1,2,2,2,2,1,2,1,2,2,2,2,2,2,2,1,1,1,2,2,1,2,2,-1.759821100317496
2,1,1,2,2,1,2,1,2,2,2,1,2,2,2,2,1,2,2,1,2,2,2,1,1,2,2,1,2,2,-0.200165354871572
2,1,1,2,2,1,2,1,2,2,2,1,2,2,2,1,2,2,2,2,2,2,1,1,1,2,2,1,2,2,-0.44767044126030603
2,1,1,2,2,1,2,1,2,2,2,1,2,2,1,2,2,2,2,2,2,2,1,1,1,2,2,1,2,2,0.4262567712099979
2,1,1,2,2,1,2,1,2,2,2,1,1,2,2,2,1,2,1,2,2,2,2,1,1,2,2,2,2,2,-0.4689616453143321
2,1,1,2,2,1,2,1,1,2,2,2,1,2,2,1,2,2,2,2,2,2,2,1,1,2,2,1,2,2,-0.22565306465806115
2,1,1,2,2,1,2,1,1,2,2,2,1,2,2,1,2,1,2,2,2,2,1,1,1,2,2,1,2,2,0.12679145870203196
2,1,1,2,2,1,2,1,1,2,2,2,1,2,1,1,2,2,2,2,2,2,2,1,1,2,2,1,2,2,0.5731929177556362
2,1,1,2,2,1,2,1,1,2,2,1,2,2,2,1,2,2,2,2,2,2,2,1,1,2,2,1,2,2,-0.06562506429192308
2,1,1,2,2,1,2,1,1,2,2,1,1,2,2,2,2,2,2,2,2,2,2,1,1,2,1,2,2,2,-1.1916058859346539
2,1,1,2,2,1,2,1,1,2,1,1,2,2,2,1,2,1,2,2,2,2,2,2,1,2,2,1,2,2,-0.2317519798041927
2,1,1,2,2,1,2,1,1,2,1,1,1,2,2,2,2,2,2,2,2,2,2,1,1,2,2,1,2,2,-1.5150313115138743
2,0,16,0,4,0,0,0,2,0,2,0,0,0,0,4,4,0,0,4,0,2,2,0,2,2,0,0,0,0,12.446728805065492
2,0,12,0,0,4,2,6,0,0,0,2,4,2,2,2,2,2,0,0,0,0,0,0,0,2,0,0,0,4,3.6705904656613515
2,0,10,2,6,0,0,2,2,0,0,0,0,2,4,0,2,0,0,2,0,2,6,2,0,0,0,2,0,2,1.3852204753183732
2,0,8,0,2,0,0,2,4,4,0,4,0,0,0,10,0,2,4,0,0,0,2,0,0,0,0,0,6,0,39.50177818524786
2,0,8,0,0,2,0,4,2,0,0,2,2,0,0,0,4,0,0,2,4,4,4,8,2,0,0,0,0,0,3.372453755862151
2,0,6,4,0,2,0,2,0,0,0,0,0,0,4,0,0,0,0,0,6,0,0,10,0,0,0,2,4,6,13.897860295336459
2,0,6,0,2,2,0,6,0,2,0,2,2,2,0,2,0,0,0,2,2,0,0,0,0,0,4,0,0,6,3.604323281684503
2,0,4,0,4,2,6,0,0,2,0,2,4,4,0,0,0,2,0,2,0,2,0,4,6,0,2,0,2,0,1.360252503008958
2,0,4,0,4,2,0,0,6,2,6,0,0,2,0,0,0,2,4,2,2,0,0,4,0,0,2,0,0,4,9.987965918158837
2,0,4,0,2,4,2,2,0,2,0,6,2,0,0,0,0,6,2,2,0,4,0,4,2,0,0,4,0,0,1.1252801442142482
2,0,4,0,0,6,0,4,6,4,0,0,8,0,0,4,2,0,4,0,2,0,0,0,0,0,0,0,2,0,0.0684499082918992
2,0,4,0,0,0,0,0,2,0,2,2,2,2,0,0,8,0,2,2,0,0,0,0,2,0,4,0,0,2,16.449231199765705
2,0,2,8,0,0,2,2,0,0,6,6,6,0,0,4,0,0,2,0,0,0,4,0,0,2,0,0,0,0,8.207643667761765
2,0,2,6,0,4,4,4,0,2,2,0,4,0,6,0,0,0,0,6,2,2,0,0,2,0,0,2,0,0,35.17183252467265
2,0,2,4,2,0,2,0,0,0,2,0,0,0,0,2,0,0,0,6,8,0,4,2,2,6,0,0,0,4,29.29665006605143
2,0,2,4,0,4,2,2,0,4,0,0,0,0,10,0,0,0,0,0,0,4,2,0,8,0,2,2,2,0,8.190652538433891
2,0,2,2,6,0,0,0,4,0,0,6,0,0,0,2,0,6,0,2,0,2,2,0,0,2,0,2,0,0,0.8018957877071425
2,0,2,2,2,2,0,2,4,0,0,4,4,2,2,2,6,2,2,0,4,0,0,0,0,0,0,0,0,2,12.058237666711324
2,0,2,2,0,2,4,4,0,0,0,4,4,6,0,4,0,0,2,2,4,4,2,2,0,0,0,0,0,0,0.08616084686537945
2,0,2,0,0,2,2,0,0,0,0,4,0,0,4,0,0,4,0,0,2,4,10,6,0,2,2,0,0,4,15.998284700698736
2,0,2,0,0,0,6,2,4,0,4,0,2,0,2,0,4,0,2,0,0,6,0,6,2,0,2,2,0,2,4.198237073781582
2,0,2,0,0,0,0,2,0,2,0,0,2,2,0,0,2,2,2,0,2,0,2,2,2,4,2,0,8,6,30.45525144812434
2,0,2,0,0,0,0,0,0,0,2,0,0,10,0,4,0,6,0,4,4,0,4,0,8,0,0,4,0,0,21.42841075457444
2,0,0,10,0,0,0,0,0,2,6,0,6,0,0,0,6,4,0,0,0,0,0,0,2,2,6,2,0,2,12.328958087509275
2,0,0,6,8,4,0,0,0,0,0,0,0,0,6,0,2,0,0,0,10,4,6,0,0,0,0,0,2,0,5.6302229725157575
2,0,0,6,0,2,6,0,2,2,0,0,2,0,4,0,2,0,0,0,2,0,8,2,0,0,4,0,4,2,0.8232671355738288
2,0,0,4,10,0,4,2,0,2,0,4,0,0,0,0,2,2,0,0,2,4,0,0,2,4,0,0,6,0,11.119337032534565
2,0,0,4,2,0,4,0,6,0,2,6,0,0,0,2,2,0,2,0,2,0,0,8,2,0,2,0,2,2,25.326560061668737
2,0,0,4,2,0,0,0,2,4,0,0,0,2,0,2,4,2,0,4,2,0,0,0,0,6,6,2,2,0,22.74636590909268
2,0,0,4,0,2,4,2,0,0,6,0,0,0,0,10,0,4,2,0,4,2,0,0,0,0,0,2,0,2,17.935322862443154
2,0,0,4,0,0,0,4,4,2,4,0,0,4,0,4,0,0,2,0,2,2,0,6,0,4,0,0,6,0,23.916081703273033
2,0,0,2,8,0,0,0,2,0,4,2,0,0,2,0,0,0,2,8,4,4,2,2,0,0,0,0,4,0,11.986199884519642
2,0,0,2,4,2,8,2,0,0,0,2,2,0,0,0,0,0,4,0,0,0,0,2,14,2,0,0,2,2,14.432472189599162
2,0,0,2,4,0,6,0,4,2,4,0,2,0,0,2,0,0,0,6,2,0,0,0,2,2,2,0,8,0,2.6763872316134996
2,0,0,2,2,8,0,0,0,6,0,0,4,0,2,0,2,0,0,2,2,0,2,0,0,0,2,0,2,6,12.224551977943626
2,0,0,2,2,6,2,2,2,0,0,4,0,0,0,8,0,0,0,0,2,0,2,0,0,4,0,0,0,6,12.281172565172914
2,0,0,2,2,6,0,2,2,0,2,4,0,4,0,4,2,2,0,0,0,4,2,4,0,0,0,4,0,0,16.590952846051
2,0,0,2,2,4,0,0,2,0,0,0,4,0,0,0,2,2,2,4,0,2,6,0,6,4,0,2,2,2,10.533184778653922
2,0,0,2,0,6,0,0,0,8,2,2,0,2,0,0,0,0,0,4,4,10,2,0,4,0,0,0,0,2,2.6290302392036673
2,0,0,2,0,2,6,0,0,0,2,0,0,0,0,0,2,4,2,0,0,2,0,2,0,0,14,2,0,8,21.04103645066276
2,0,0,2,0,2,2,0,0,2,0,2,0,0,2,0,2,2,12,0,2,0,6,0,2,0,0,6,2,2,18.591074216755505
2,0,0,2,0,0,22,2,0,0,0,0,0,6,0,2,0,0,0,0,0,2,2,0,2,4,0,2,0,2,9.646723770554265
2,0,0,2,0,0,0,4,0,0,0,0,0,4,2,0,0,2,8,2,2,2,2,0,0,6,0,6,2,0,13.260067761518597
2,0,0,0,4,2,0,2,2,0,4,0,0,2,0,0,6,2,2,0,0,2,2,0,4,4,4,0,0,6,4.2702829160834055
2,0,0,0,4,0,0,0,4,2,0,4,2,0,0,6,4,0,0,0,0,6,4,0,6,0,0,0,0,6,31.548628989385325
2,0,0,0,2,0,2,2,0,0,2,0,0,0,0,0,2,2,4,2,2,0,4,0,4,0,8,0,0,8,5.071603858273671
2,0,0,0,0,4,2,0,2,0,6,0,0,2,0,0,0,6,2,2,2,0,0,0,0,2,0,4,0,2,12.774757910396218
2,0,0,0,0,2,2,4,0,0,0,6,0,4,0,0,8,4,4,0,0,0,0,2,0,0,8,0,0,2,3.935686643277254
2,0,0,0,0,0,4,0,0,0,2,6,0,0,2,0,0,4,0,2,6,0,4,0,6,0,0,10,2,0,10.042605776533945
2,0,0,0,0,0,2,0,2,0,10,0,2,0,2,0,4,0,0,0,0,0,2,8,6,2,2,2,0,4,23.536267783147352
2,0,0,0,0,0,0,2,0,6,0,2,0,0,6,4,0,6,0,4,2,0,0,0,2,0,4,4,4,2,16.30968741925509
1,2,1,2,2,1,2,1,1,2,2,2,1,2,1,2,2,2,1,2,2,2,2,2,1,2,2,1,2,2,0.1107517694888811
0,12,0,0,0,0,2,0,0,2,4,0,0,0,4,2,2,2,2,0,4,0,6,2,0,0,2,0,0,0,2.826281916496391
0,8,6,0,0,0,0,0,2,2,0,2,2,2,0,0,2,0,0,4,2,2,0,0,4,0,0,0,8,0,18.870435164136317
0,8,4,0,0,0,0,0,4,2,0,4,2,0,2,0,0,0,0,0,4,2,4,0,0,4,2,0,4,2,3.68941427751993
0,8,2,0,2,2,0,0,6,2,4,0,2,2,2,4,2,2,4,0,0,2,0,0,0,4,0,0,0,0,42.409741873470864
0,8,0,6,4,2,2,0,0,2,8,0,2,0,0,0,2,0,0,2,0,4,0,0,0,4,2,0,0,0,8.0268320251281
0,8,0,4,4,0,0,0,0,2,0,4,4,0,0,2,0,0,0,2,0,0,0,0,4,0,0,4,12,0,4.600218261945647
0,8,0,2,4,0,2,0,4,2,0,0,0,2,2,0,0,0,0,2,2,0,6,2,0,4,2,2,0,2,11.231857933763536
0,8,0,2,0,2,0,2,0,2,2,0,12,0,2,0,0,0,0,2,2,4,4,0,0,4,0,0,0,2,12.623469884730408
0,8,0,0,2,0,0,0,4,0,4,0,2,0,0,2,2,4,0,0,10,2,4,0,0,0,4,2,0,0,4.567136890713755
0,6,4,2,0,0,0,0,2,8,2,2,0,2,0,8,0,0,0,4,0,4,0,0,4,2,0,0,0,0,32.007661931208446
0,6,4,0,0,8,0,0,0,2,4,0,0,8,0,0,0,6,0,2,0,0,0,4,0,0,0,0,2,2,0.26516585044946006
0,6,2,0,2,0,2,0,0,6,0,2,2,6,0,2,6,0,4,0,0,4,0,2,0,0,0,2,2,0,28.49534611001305
0,6,2,0,0,0,0,2,2,0,6,10,0,2,0,2,6,0,0,0,8,0,0,0,0,4,0,0,0,0,36.49548626545522
0,6,0,2,4,0,0,4,0,4,0,0,2,0,2,4,2,0,0,6,0,8,2,2,0,0,0,0,2,0,26.614268108335903
0,6,0,2,0,0,4,2,4,8,0,8,0,0,2,2,0,2,0,0,0,0,0,0,0,0,2,0,0,2,20.49041522722174
0,6,0,0,4,2,0,2,4,0,0,0,0,0,0,0,0,0,2,4,0,4,0,0,2,2,2,4,2,6,21.960075330418807
0,6,0,0,2,2,0,0,0,2,0,0,0,4,0,4,6,0,6,2,0,2,0,2,2,2,2,2,2,0,9.24168477098232
0,6,0,0,2,0,2,0,0,0,2,6,0,0,2,6,0,0,0,2,2,2,0,2,0,4,4,0,2,6,22.352758817743233
0,6,0,0,2,0,0,6,0,6,0,2,2,2,0,0,0,0,4,4,2,0,0,2,2,0,0,0,4,0,14.547988607546209
0,6,0,0,0,0,2,2,4,4,0,0,0,0,2,2,2,0,6,2,0,2,4,0,2,2,4,0,4,0,11.296972075591114
0,4,6,0,4,4,6,2,0,0,2,2,0,0,2,0,2,2,0,2,0,2,0,0,2,4,0,0,2,0,7.71665892988889
0,4,6,0,2,2,0,2,0,0,6,0,0,0,4,6,0,4,0,0,0,0,6,0,0,2,4,0,0,0,31.709801082888813
0,4,4,2,2,0,2,2,0,4,2,2,0,0,0,6,2,4,4,0,0,4,0,0,2,4,0,0,0,0,3.0135249922019183
0,4,4,2,0,0,0,0,2,2,0,0,2,2,0,2,2,0,10,0,2,0,0,0,6,2,4,2,0,2,18.472895971938257
0,4,4,0,10,2,0,0,0,4,2,0,0,2,4,0,0,4,2,0,4,2,2,2,0,0,2,0,0,0,12.048951360988363
0,4,4,0,0,4,6,0,4,0,0,2,12,2,2,0,0,0,0,0,2,4,0,0,0,0,0,0,0,0,3.163363052076847
0,4,2,6,2,0,2,2,0,0,0,2,2,0,2,0,0,2,2,0,6,0,0,2,0,4,4,0,0,0,10.053133670936878
0,4,2,4,4,0,2,0,2,2,2,0,2,2,4,0,0,2,0,2,2,2,2,8,0,0,0,0,2,0,27.50479913781855
0,4,2,4,2,0,0,2,0,4,0,0,0,4,0,4,4,4,0,4,0,0,0,0,4,0,2,2,2,2,5.165324160145774
0,4,2,0,0,0,0,0,0,0,2,2,2,2,2,8,0,0,6,0,0,0,0,0,0,10,0,0,0,0,2.433930974482854
0,4,0,2,0,4,0,4,0,4,6,0,0,2,0,0,2,4,0,0,2,0,2,2,0,4,0,2,2,2,10.359964171110471
0,4,0,2,0,4,0,2,6,0,4,0,0,0,4,0,2,0,0,0,0,0,2,4,0,8,2,0,0,0,20.699514239029835
0,4,0,0,6,0,0,0,6,2,2,6,0,0,0,0,2,0,0,0,0,2,0,0,4,0,0,0,12,2,41.23318282936972
0,4,0,0,2,0,18,0,2,0,0,2,0,0,0,0,4,0,0,8,0,0,0,4,0,0,2,0,0,2,13.673845297722002
0,4,0,0,0,2,0,0,0,2,0,8,0,2,0,0,0,0,6,0,0,2,2,0,2,2,10,0,4,4,12.155808052906732
0,4,0,0,0,0,2,2,0,2,4,2,0,4,0,0,0,0,0,0,4,0,0,0,2,10,0,4,4,4,12.056813763997852
0,4,0,0,0,0,0,0,2,2,4,2,2,2,0,2,0,2,4,0,2,4,6,0,2,0,2,6,0,2,23.622414449694947
0,2,10,2,0,0,0,0,2,4,2,0,0,2,2,0,0,0,0,6,0,2,2,0,2,2,0,0,4,0,17.29403404292984
0,2,8,2,2,0,0,4,0,0,8,0,0,8,0,0,2,2,0,0,0,0,2,0,0,4,4,0,0,2,20.191794358486852
0,2,6,4,2,0,2,0,0,2,0,0,0,2,0,0,0,2,6,0,2,0,0,8,2,2,2,0,0,4,1.0291750855452675
0,2,6,2,0,4,2,6,0,0,2,0,0,0,0,0,0,0,0,0,0,2,4,2,2,0,8,0,4,0,4.363713632148466
0,2,4,0,4,4,0,4,4,0,0,2,2,2,0,0,0,2,2,2,2,0,0,4,0,2,4,4,0,0,15.195020297379996
0,2,4,0,0,0,6,2,0,0,2,2,0,4,2,0,2,4,4,0,4,0,0,0,0,0,2,0,6,2,3.466877882076321
0,2,4,0,0,0,0,2,2,0,2,4,0,4,0,0,0,4,0,0,4,2,2,6,0,2,0,6,0,4,11.773220293197925
0,2,2,10,4,0,0,0,0,2,0,0,0,2,0,2,2,0,0,2,0,4,2,2,2,2,2,2,2,2,4.428135655548481
0,2,2,4,2,0,2,2,0,2,0,0,2,0,0,6,4,0,2,0,4,0,0,0,0,6,0,2,0,6,13.878721422497074
0,2,2,2,0,0,0,6,0,6,0,0,0,0,2,0,0,2,2,4,2,4,0,6,0,0,0,0,0,4,20.56643156313673
0,2,2,0,14,0,2,0,6,2,2,0,0,4,0,0,2,0,2,4,2,0,0,0,2,2,0,2,0,0,12.203402958716751
0,2,2,0,4,0,0,4,2,0,0,2,2,0,8,0,0,0,0,0,14,2,2,0,0,0,2,0,2,0,3.2446354368835744
0,2,0,8,0,2,0,0,2,0,0,0,4,0,2,0,4,0,2,0,0,0,0,0,2,6,0,10,2,0,18.49311008178334
0,2,0,4,6,8,0,0,0,6,0,0,2,0,2,0,0,2,0,0,0,6,0,0,2,4,0,0,6,0,28.98564573215044
0,2,0,4,2,0,6,0,0,0,0,0,0,2,0,0,0,4,0,4,0,0,6,12,0,2,4,0,0,0,4.101540528400934
0,2,0,4,0,2,4,0,2,0,0,2,0,10,2,0,2,2,0,2,4,2,4,0,0,0,0,0,0,2,1.9929624535139479
0,2,0,2,8,0,4,0,0,0,0,0,8,6,2,0,0,0,0,0,0,2,2,2,0,0,2,4,0,0,5.66744595650746
0,2,0,2,6,0,0,0,2,2,2,4,4,0,0,0,0,6,0,0,0,4,0,2,0,0,2,2,6,0,1.4636390496289868
0,2,0,2,4,2,2,4,4,0,2,2,4,0,6,0,0,0,2,0,0,2,0,0,0,8,0,0,0,4,27.60310187366458
0,2,0,2,2,0,0,4,4,0,4,6,0,0,2,4,0,0,2,4,0,0,4,0,2,0,6,0,2,0,12.119197970839194
0,2,0,2,2,0,0,0,4,0,6,0,2,0,0,0,2,10,0,0,0,0,0,0,4,0,8,0,8,0,36.031996820950575
0,2,0,2,0,2,2,2,4,4,0,2,6,0,6,2,0,0,2,0,0,2,0,4,2,0,2,4,0,0,20.480135645705907
0,2,0,2,0,2,2,0,0,0,0,0,2,0,4,6,0,2,4,0,2,14,0,4,0,0,2,2,0,0,29.055563095638412
0,2,0,2,0,0,2,0,0,6,0,2,0,0,6,0,8,0,0,2,2,4,2,0,0,0,0,0,6,4,7.585011188951203
0,2,0,2,0,0,0,4,0,0,0,0,0,4,6,2,0,4,2,0,8,2,0,2,6,0,2,2,0,0,8.441315849283704
0,2,0,2,0,0,0,0,0,0,14,2,2,2,2,0,0,2,4,0,4,4,2,2,2,0,0,2,0,2,1.5987894440198802
0,2,0,0,10,0,0,4,4,0,0,0,2,0,2,0,2,2,2,2,0,4,0,0,2,2,0,10,0,0,1.1130703060884064
0,2,0,0,2,4,0,0,0,0,4,2,2,0,2,0,4,0,2,0,0,4,0,2,0,0,2,0,6,12,13.679159837276062
0,2,0,0,0,10,2,0,0,4,2,0,0,4,0,2,0,0,2,0,4,2,0,2,4,0,2,2,2,2,0.49325292701118634
0,2,0,0,0,4,0,2,2,2,8,0,2,2,2,2,0,0,0,2,4,2,4,2,6,2,0,0,0,0,2.3864837551450884
0,2,0,0,0,4,0,0,0,2,0,0,0,0,2,0,0,0,2,6,0,4,4,0,2,12,6,0,2,0,28.309829897473623
0,2,0,0,0,2,0,4,6,4,0,0,0,0,0,0,0,0,4,8,4,0,4,2,2,0,2,0,4,0,2.5947942524952237
0,2,0,0,0,0,10,0,0,0,10,0,0,0,2,0,0,0,0,6,2,0,0,0,0,2,0,4,4,2,18.53399507989024
0,2,0,0,0,0,4,0,0,0,0,2,2,0,14,0,2,2,4,0,2,2,4,0,2,2,0,6,0,0,10.118711802611022
0,2,0,0,0,0,0,6,0,12,8,0,4,0,2,0,0,0,4,2,0,0,2,0,2,0,0,0,4,2,3.919430843200511
0,2,0,0,0,0,0,2,0,0,6,0,0,0,0,0,0,6,4,6,0,4,0,0,0,0,2,0,12,4,5.003958315691721
0,2,0,0,0,0,0,0,4,2,2,4,2,0,2,0,0,0,2,4,0,6,12,2,0,0,2,0,2,2,7.762024280751621
0,2,0,0,0,0,0,0,0,0,2,0,2,2,0,0,2,2,0,2,12,2,0,2,0,4,4,2,10,0,5.711537390095826
0,0,12,0,0,0,0,0,2,4,0,0,0,4,0,0,2,0,0,0,2,0,0,0,4,6,8,0,6,0,15.926234105367108
0,0,10,0,2,0,0,4,4,0,2,2,2,0,4,2,4,0,0,0,4,0,0,0,0,2,0,6,0,0,1.400822741249192
0,0,8,6,0,0,0,0,2,4,0,0,4,0,2,0,0,2,2,0,6,2,2,2,0,0,0,8,0,0,12.758291952733341
0,0,6,2,4,0,0,0,4,0,0,2,2,2,4,10,0,2,0,6,2,0,0,0,0,0,0,2,2,0,8.836621187982551
0,0,6,0,2,0,6,2,2,0,0,4,0,2,0,0,6,0,2,0,0,2,2,0,0,0,0,2,8,0,13.085487893972996
0,0,4,4,0,4,4,0,8,0,0,6,0,0,0,0,2,0,4,0,4,0,4,4,0,0,0,0,0,2,7.540301115493415
0,0,4,4,0,4,2,2,0,0,0,0,2,0,2,0,6,0,2,0,4,0,0,8,2,2,2,0,2,2,20.705455735830697
0,0,4,2,0,4,0,2,2,0,0,6,2,4,4,0,6,4,2,0,0,0,0,0,0,4,0,2,2,0,9.184201869371066
0,0,4,0,6,0,4,2,0,2,0,4,0,0,0,0,0,0,0,6,12,2,0,4,0,0,2,0,2,0,36.357659517704946
0,0,4,0,4,6,0,6,2,0,0,0,2,2,6,0,0,4,6,0,0,2,0,0,4,0,2,0,0,0,13.284401509744594
0,0,4,0,0,6,0,0,2,0,0,0,0,2,0,4,2,2,0,0,8,2,0,0,0,0,2,6,2,2,4.06407087929259
0,0,2,12,0,0,0,2,0,4,4,2,0,0,2,0,0,0,0,2,2,4,2,0,0,2,0,0,8,0,17.2494571446016
0,0,2,6,4,2,2,0,2,4,2,0,0,2,2,0,0,2,2,0,4,0,0,0,0,10,0,0,2,2,0.6767296104280858
0,0,2,4,4,4,2,6,6,0,0,0,0,2,6,0,6,0,0,0,2,0,0,0,4,0,2,0,0,0,20.44287300564569
0,0,2,4,0,4,0,0,0,0,2,2,0,2,4,2,0,0,2,2,8,2,0,2,4,4,0,0,2,2,15.800330904035839
0,0,2,4,0,0,0,2,0,0,0,2,0,2,2,0,4,0,8,4,2,0,4,4,0,0,0,0,2,2,14.715184001769346
0,0,2,2,6,0,8,0,4,0,0,0,4,0,2,0,6,2,0,2,0,6,0,2,2,2,0,0,0,0,9.434978890366056
0,0,2,2,6,0,2,4,4,2,0,2,4,0,0,6,6,0,2,0,0,0,0,2,2,0,0,2,0,2,33.120676223822095
0,0,2,2,4,8,4,2,2,0,0,0,2,4,0,0,6,2,0,0,0,0,0,2,0,2,0,2,2,0,3.7533936423912
0,0,2,2,4,2,0,0,8,0,0,0,0,2,0,0,2,4,0,0,2,4,4,0,0,0,4,6,4,0,7.457195161781507
0,0,2,2,4,0,0,0,4,0,4,4,16,8,2,0,0,0,0,0,0,0,0,0,0,0,0,0,0,0,0.2515220215073673
0,0,2,2,2,2,8,2,8,0,0,0,0,0,0,0,2,4,6,0,0,0,0,0,0,2,0,0,0,8,0.5041668695208482
0,0,2,2,0,0,2,2,2,2,2,0,6,2,4,0,0,0,2,0,8,2,0,2,2,2,2,0,2,0,33.59960860853559
0,0,2,0,6,2,8,4,4,2,2,2,0,2,0,0,2,0,0,2,0,0,0,8,0,0,2,2,0,0,18.549400627961266
0,0,2,0,6,0,0,2,0,2,0,0,2,0,0,0,0,6,2,2,0,6,4,6,0,0,2,4,0,0,1.4851686289641937
0,0,2,0,4,0,2,0,0,2,2,2,0,4,0,0,0,2,2,0,0,6,4,4,0,4,0,10,0,0,21.35627611876328
0,0,2,0,2,2,8,2,0,4,0,2,2,2,0,0,0,0,2,6,0,2,2,2,0,2,0,0,6,0,17.08819345374506
0,0,2,0,2,2,6,0,0,2,0,6,0,0,4,4,0,0,0,2,4,2,0,4,0,2,6,0,0,0,21.402655687802408
0,0,2,0,2,2,0,0,0,0,4,2,2,2,0,0,0,0,4,0,0,12,0,2,0,0,6,2,2,4,2.9754153309374693
0,0,2,0,0,4,0,0,6,0,0,0,0,6,2,0,0,4,4,0,0,6,8,0,6,0,2,0,0,0,14.126033042430217
0,0,2,0,0,2,0,16,0,0,4,0,0,0,4,0,0,0,2,2,4,0,2,0,0,2,2,2,0,6,29.043324134992908
0,0,2,0,0,2,0,0,0,0,0,2,0,10,0,0,2,4,0,2,12,0,2,0,2,4,0,0,2,4,30.059140306331113
0,0,2,0,0,0,4,0,4,0,0,0,0,6,0,2,6,0,0,0,8,2,2,0,0,2,2,2,6,2,8.108414823109312
0,0,2,0,0,0,0,4,2,0,4,0,2,2,0,0,0,2,0,4,0,0,2,2,4,16,2,0,0,2,7.543212262978909
0,0,2,0,0,0,0,0,4,0,0,6,0,2,2,0,6,0,4,4,4,0,6,0,2,4,2,0,0,0,3.0038972514495663
0,0,2,0,0,0,0,0,2,8,8,0,0,0,0,6,0,4,12,2,0,0,4,0,0,0,0,0,2,0,3.0949950204583847
0,0,0,10,6,2,2,0,0,4,0,0,8,0,6,0,0,2,0,0,0,0,0,0,4,0,4,0,0,2,0.5699299847028586
0,0,0,8,0,0,0,0,0,4,2,2,0,4,0,4,2,0,0,2,6,0,0,8,0,0,2,0,4,0,4.291419153128246
0,0,0,6,4,0,0,0,2,0,0,4,0,0,0,0,6,2,12,6,0,6,0,0,0,2,0,0,0,0,12.202035566619102
0,0,0,6,2,0,2,6,2,2,0,0,2,0,0,2,4,0,2,0,0,0,0,4,4,8,2,2,0,0,12.709906169104476
0,0,0,6,2,0,2,0,2,0,2,2,0,2,0,2,2,2,0,4,0,0,4,0,0,0,4,4,0,4,27.241477461536768
0,0,0,6,0,0,0,4,2,4,2,2,0,0,4,0,6,0,6,4,0,0,2,4,0,2,2,0,0,0,8.281784110826074
0,0,0,6,0,0,0,2,4,0,0,0,0,0,8,0,0,0,0,4,2,0,6,0,2,4,8,0,4,0,5.7081552217675515
0,0,0,6,0,0,0,2,2,8,0,4,0,0,2,0,0,0,0,0,4,4,4,4,0,4,4,0,0,0,7.890454308949908
0,0,0,4,4,0,0,2,0,2,2,2,4,0,0,10,0,0,4,4,4,0,2,0,2,0,2,0,0,0,14.184473191521693
0,0,0,4,2,8,0,0,8,0,0,0,6,4,0,0,4,2,2,0,2,0,2,0,2,0,2,0,2,0,16.24081249208031
0,0,0,4,2,2,4,0,2,4,4,2,0,2,0,2,4,4,2,0,2,4,0,0,2,2,0,0,0,0,5.934409218826013
0,0,0,4,0,2,6,2,0,0,4,0,0,0,8,2,0,2,2,0,0,0,6,0,0,0,0,2,6,2,4.887992675708038
0,0,0,4,0,2,0,0,2,8,0,4,4,2,0,0,0,2,2,6,0,0,2,2,0,0,4,0,0,4,5.6983130346489
0,0,0,4,0,0,0,6,0,0,0,2,2,4,4,2,0,2,4,2,0,0,2,0,0,0,0,2,2,0,17.65712381634457
0,0,0,4,0,0,0,4,0,0,2,6,0,8,4,2,0,2,0,2,2,4,0,0,2,0,0,0,2,4,4.252428886779597
0,0,0,4,0,0,0,4,0,0,0,0,4,2,0,0,2,0,2,6,0,2,2,4,6,2,0,0,0,4,7.275465391540541
0,0,0,4,0,0,0,2,8,4,0,0,0,0,0,2,0,0,0,2,4,6,2,2,2,6,0,0,2,4,14.54384360188426
0,0,0,4,0,0,0,0,0,0,0,0,0,0,2,4,4,4,0,10,0,4,0,2,2,4,0,2,2,4,27.223791253260895
0,0,0,2,4,2,0,0,2,4,2,0,12,0,4,2,0,4,0,0,0,0,2,4,0,2,2,0,2,0,12.173636005862054
0,0,0,2,4,0,2,6,0,0,0,0,0,2,2,4,2,10,2,0,0,4,0,0,0,6,2,0,0,0,14.983231387569422
0,0,0,2,2,2,2,2,6,0,0,0,0,2,4,2,2,4,0,2,0,0,8,6,0,2,0,0,0,0,12.6114775012852
0,0,0,2,0,6,4,0,0,0,2,2,2,10,2,2,0,0,0,0,8,0,2,0,4,4,0,0,0,0,17.766013438586004
0,0,0,2,0,6,0,4,2,0,2,0,0,0,10,2,0,0,0,0,0,2,0,0,0,6,0,6,6,0,21.088690034737354
0,0,0,2,0,4,0,2,0,0,0,2,0,6,0,0,2,6,2,6,0,2,2,2,0,0,4,2,0,0,16.794155983886593
0,0,0,2,0,4,0,0,0,2,0,0,0,8,0,6,2,0,0,0,0,2,0,2,0,0,16,0,6,0,28.445652987558706
0,0,0,2,0,4,0,0,0,0,2,0,0,0,0,4,4,4,0,0,0,4,0,0,2,2,2,0,16,0,4.932998078199066
0,0,0,2,0,2,6,4,0,8,0,2,0,0,0,2,6,0,0,2,0,4,0,2,0,0,8,2,0,0,8.019929989418076
0,0,0,2,0,0,4,0,0,6,0,4,6,0,0,0,2,0,0,8,0,6,0,0,0,0,2,4,4,2,17.878261477372824
0,0,0,2,0,0,0,2,6,4,4,0,0,0,6,4,0,8,0,0,0,10,0,2,0,0,2,0,0,0,0.5253367708009106
0,0,0,2,0,0,0,0,6,0,0,10,0,2,0,0,6,10,0,0,0,2,2,2,0,2,2,2,0,2,21.344176869167427
0,0,0,2,0,0,0,0,2,0,6,6,2,0,4,4,0,0,0,8,0,0,2,4,0,2,0,0,4,2,40.83492266504479
0,0,0,2,0,0,0,0,2,0,0,4,2,8,4,0,6,0,0,0,0,0,6,2,4,4,0,0,0,6,16.84409296317167
0,0,0,0,6,0,0,4,0,2,10,0,0,6,0,2,0,4,0,2,0,4,0,2,2,0,2,4,0,0,8.20450468629528
0,0,0,0,4,0,6,2,0,6,2,0,2,0,0,4,2,0,0,0,0,0,6,2,4,4,0,0,0,0,3.296126076962857
0,0,0,0,2,4,6,0,2,0,0,2,6,0,0,4,0,0,0,2,0,0,4,2,2,6,0,6,0,2,22.029077780727636
0,0,0,0,2,2,6,0,0,4,0,4,0,0,4,0,0,2,4,0,0,0,2,0,4,0,4,4,0,6,4.586381116451634
0,0,0,0,2,2,0,0,0,2,0,4,0,2,4,0,0,8,2,0,2,4,2,2,0,4,0,0,2,8,6.2259222424801886
0,0,0,0,2,0,6,2,0,2,0,0,2,6,0,8,0,0,2,0,2,2,0,0,2,0,0,0,8,2,18.132293921348044
0,0,0,0,2,0,0,4,2,4,4,4,2,0,0,4,6,0,2,2,0,4,2,0,0,2,2,2,0,0,9.835899590790596
0,0,0,0,2,0,0,0,4,0,0,0,2,4,0,0,0,0,2,0,6,0,2,2,2,0,4,0,0,18,0.9135014393357704
0,0,0,0,0,6,2,0,0,12,0,0,4,0,2,4,0,4,2,0,0,0,2,2,0,4,0,2,0,0,7.640279810261016
0,0,0,0,0,4,4,0,6,0,0,2,2,0,0,0,0,0,2,2,0,6,0,6,6,0,0,0,6,4,5.0836195120580685
0,0,0,0,0,4,2,4,0,6,2,2,0,0,2,0,0,0,2,0,4,0,8,2,2,2,0,4,2,0,19.18380622086894
0,0,0,0,0,4,0,0,10,4,6,10,0,2,0,0,0,0,2,0,0,2,0,0,0,6,0,0,2,2,3.2993460612634733
0,0,0,0,0,4,0,0,2,4,4,0,0,0,2,4,6,4,0,4,4,0,0,0,6,0,0,2,0,2,22.818239802582898
0,0,0,0,0,2,4,2,2,6,2,0,2,10,0,2,2,0,0,6,2,0,2,0,0,2,0,0,0,4,31.60802827179636
0,0,0,0,0,2,0,0,0,2,0,10,2,4,0,0,2,0,4,0,0,2,0,0,0,2,0,4,10,0,23.133737383374154
0,0,0,0,0,0,2,4,0,0,0,6,8,8,0,0,0,0,6,0,0,0,6,2,2,0,0,2,2,0,11.166897604853805
0,0,0,0,0,0,2,2,2,4,0,0,4,4,0,14,0,0,0,2,0,0,0,4,0,0,0,2,2,8,2.7998024141071163
0,0,0,0,0,0,0,0,0,4,2,10,2,0,2,10,0,2,4,0,0,2,0,0,8,0,2,0,0,2,23.20497604655601
0,0,0,0,0,0,0,0,0,0,0,0,0,0,0,0,0,0,0,0,0,0,0,0,0,0,0,0,0,0,19.140339771316818
